data_ingestion:
  test_size: 0.20

model_building:
  ngram_range: [1, 3]  
  max_features: 1000
  learning_rate: 0.09990876157398487
  max_depth: 5
  n_estimators: 500
  reg_lambda: 0.0071763991623728365
  reg_alpha: 0.027114917538161865